35513247
38720613
38520211
38031141
37625369
37045808
21035559
34515572
33039343
29761933
42001864
41796353
41739588
41725564
41525451
41128017
40090181
39531197
38838669
36815898
36738173
32871032
41633981
40500265
39260675
37407470
36891610
36379023
35256939
34500105
34307684
33961341
33241418
31742675
29195897
27560140
27123995
41938836
41929356
41870835
41496584
41106379
41413572
40877980
40817785
40704013
40433805
40207030
40139647
40016746
40013619
39756165
39755166
39585352
39742155
39117138
39092772
39059718
39029227
39010104
38844905
38766865
38071492
37748708
37817544
37502912
37021698
36005555
36613615
36384557
36145533
35932210
35726537
35689396
35255774
35151027
35044232
34698806
33774341
33637064
32789555
32795379
32693649
32442041
32124251
29907810
30122441
29728415
17315665
42072611
41925559
41746260
41678339
41535869
40830311
41487948
41470005
41146398
41146287
41078569
40981707
40936111
40914424
40645839
40583463
40556597
40522441
40463059
40327717
40316216
40271077
40162708
40138581
40129438
40048738
39890774
39890574
39697087
39400124
39235338
38992995
38585779
38582351
38434027
38024232
38032278
38021454
37703884
37626033
37457936
37389128
37361231
36292386
35894784
35765985
35710352
35618240
35597373
35460872
35194774
34716857
34520016
34342085
34715362
34153254
33869221
32279160
32147536
31560411
31323297
30610922
30070692
29621430
29471939
29423272
28228347
27903449
26219508
25681337
21982862
20850574
18423275
16154319
41948936
41916570
41764220
41716349
41714025
41631201
41568536
41537172
41509980
41461362
41445976
41192306
41451201
41220061
41184228
41108151
40824374
40618069
40583170
40566748
40494404
40437041
40313864
40240771
40197110
40102704
39991826
39927459
39920811
39890682
39803572
39756167
39742533
39532685
38976127
38954152
39330704
39247653
39234670
39212933
39124673
39101668
38973989
38968529
38924753
38917807
38842129
38819218
38777036
38702404
38529278
38357791
38322061
38225226
38000729
37643315
37184045
37907921
37546389
37464762
37267914
37225048
36906519
36816604
36756301
36414172
36366779
36685663
36466156
36173680
35853862
35790505
35788130
35784690
35714307
35679902
35608905
35505365
35279700
35278225
35269681
34953035
34529785
34400376
35509721
34970140
34803308
34290363
34139005
33949768
33775650
33759195
33743191
33685850
33675704
33642154
33247959
33041790
32761230
32457584
32272195
32233176
32154790
32060941
31765633
31007149
30959278
30771585
30515817
29123550
28826859
27237378
26851314
26256766
26617688
26268325
25579006
25006014
24704497
22984604
22490216
21391199
18506373
17174766
42134190
42113993
42060618
42059210
41919547
41899316
41839047
41776281
41747664
41740295
41619174
41252200
41123079
41084405
41121303
41091224
41029271
41027102
41020295
40791345
40725615
40619144
40571028
40519811
40425577
40303500
40242482
40106360
40082134
39988525
39891171
39681195
39561523
38867545
39486186
39337355
39337321
39318108
39230116
39108841
38949143
38911101
38873703
38720327
38708089
38269586
38229132
38190096
37852892
37801347
37751010
37071471
36902359
36890529
36831245
36722289
35995600
32991257
36404987
36212013
36162894
35798596
35782494
35589066
35585863
35361955
35221307
35158409
35045740
34520017
34724079
34417463
34299024
33987185
33868408
33535605
33446277
33280948
33128918
33045183
32727671
33064574
33004909
32898485
32468015
32305376
32294140
32255580
32052888
31678276
31669647
31827676
31780931
31654071
31632516
31358056
31166260
30454965
30266822
29806726
29691281
29290626
29227812
29182905
29175417
28764769
28476093
28464982
28147322
28104796
27646982
27364372
27041063
