41086521
37625369
36799502
21035559
36642020
33967763
29755657
34515572
34307684
29746861
42001864
38031141
33039343
30585456
41123324
40699912
36738173
35513247
34914744
41725564
41633981
41128017
39756165
36262297
35608639
34052462
29129760
26621504
40896957
38071492
37605762
37152900
36804901
36466156
33316267
32871032
41487948
40683082
39407273
38520211
31840212
31546898
29761933
25270538
41407913
40448062
39531197
39260675
39236007
38720613
38582351
38403153
36756301
35689396
34777686
30506914
29797602
21769126
21050847
42072611
40197110
39029227
39010104
38844905
36804438
35820500
35095488
33759195
29251361
27404795
27560140
27123995
25888873
24561281
24184155
18565252
41569105
41509980
41496584
41461362
41146398
40463059
40433805
40207030
40090181
40013619
39400124
39217193
38380842
38157375
36815898
35900969
35726537
35589066
33774341
32976505
32972460
32124251
31007149
31211955
30782019
30070692
29291543
28782829
25656376
41938836
41796353
41757775
41389633
40877980
40704013
39585352
38992995
38840731
38434027
36891610
35618240
35505365
34342085
34715362
34472750
32789555
33041790
32765756
32083119
30385847
30122441
28259981
28238906
26069623
22057548
41948936
41470005
40824374
40645839
40316216
40139647
40129438
39890682
39532685
39101668
39020088
38842129
38520869
38505310
38032278
37907921
37180412
36685663
35927735
35790505
35044232
34953035
34553673
34500105
33864149
33178287
29808374
29718273
29299122
29165387
27665782
17315665
41925559
41870835
41828444
41764220
40981707
40817785
40583170
40522441
40494404
40138581
40016746
39755166
39505144
39388890
39117138
39092772
38766865
37184045
37951197
37817544
37389128
37021698
36860316
35880357
36613615
36384557
36292386
36145533
35932210
35710352
35679902
35529473
35194774
35151027
34716857
34260003
33936363
33869221
33637064
33573387
33045183
32588275
32795379
32693649
32255580
31358056
31323297
30083988
29686224
28228347
27357308
26617688
25579006
21820069
21619935
21391199
20200987
16798863
41631201
41535869
41123079
41029271
40914424
40313864
40082134
39890574
39054169
39248388
39247653
39108841
38911101
38346188
38233202
37626033
37513651
37457936
37361231
36835491
36414172
35894784
35597373
35477406
35401243
35218985
35126711
34562321
34299024
34153254
33685850
33437372
32457584
32442041
32308378
32147536
31780931
31166260
31032948
30857415
30771585
29024567
28147322
27903449
27364372
27307356
26219508
25749876
19373426
19786077
16154319
9734762
9054908
41920164
41839047
41803814
41716349
41714025
41630826
41537172
41445976
41192306
41084405
41430692
41413572
41184228
41121303
41108151
41096574
40975506
40725615
40566748
40437041
40314226
40303500
40254785
40092460
39991826
39927459
39920811
39756167
39742533
39716366
39330704
39195082
38973989
38757042
38702404
38322061
38190096
37643315
37525432
37852892
37748407
37464762
36836193
36816604
36719872
36584898
36366779
32991257
36212013
36162894
35788130
35784690
35484882
35278225
34400376
35345075
34970140
34529586
34290363
33970403
33949768
33775650
33722124
33675704
33642154
33101543
32357909
32279160
32272195
32101476
32060941
31928902
31765633
31751752
32425037
31560411
30959278
30837642
30122753
29947083
29668626
29621430
29471939
29123550
28752488
28476093
28464982
27638344
27539752
26945831
26872897
26864066
26851314
26256766
26209414
25976690
25882438
25681337
24704497
24680913
24316475
24316289
22984604
22490216
20850574
20678201
19900478
19046387
18423275
17593491
12521314
11720040
42134190
41919547
41916570
41776281
41747664
41740295
41619174
39385530
41120907
41091224
41027102
40571028
40519811
40426246
