280364
1056291
1423681
2032478
2640340
2666347
3178020
3355639
3458137
3478633
4209423
6575085
6587091
6724963
6746388
6809651
6940071
6949533
7055365
7406275
7528023
7692023
7692024
7813028
7965350
8065724
8118897
8648477
8859239
8935055
8949870
8995909
9007933
9023579
9054908
9057920
9060026
9306060
9461136
9461146
9465168
9470620
9515384
9586502
9656876
9656902
9709561
9714180
9734762
9972122
10029750
10075149
10391498
10433969
10484103
10670598
10678577
10693864
10999456
11090910
11203755
11222358
11258088
11281165
11319488
11352231
11393778
11409130
11455121
11455122
11593796
11714023
11720040
11731064
11762937
11780535
11826640
11826641
11826654
11831340
11842837
11842864
11966970
12027590
12150316
12218804
12228163
12429533
12445976
12509625
12521314
12524616
12560052
12626622
12796872
12796883
12839406
12847438
12887159
12931085
12932287
12939359
12973717
13130470
14527378
14552698
14582587
14586851
14601481
14659508
14661467
14692685
14970765
15005297
15040007
15067534
15089931
15089933
15105586
15153858
15153864
15160050
15190798
15218559
15253851
15278021
15290725
15334457
15525813
15533817
15612346
15643481
15651234
15758332
15823829
15889303
15894940
15895888
15936815
15944971
16059639
16122644
16122665
16150951
16153820
16154319
16154702
16278818
16376425
16428513
16433646
16448917
16469833
16494092
16549437
16570886
16584789
16642388
16762506
16781339
16798863
16806459
16818976
16829037
16856952
16889662
16901647
16938523
16947423
17002576
17047656
17174766
17237793
17289023
17300382
17305626
17315665
17316439
17334746
17341304
17360240
17391927
17419078
17420264
17437304
17465442
17467812
17546586
17549395
17564844
17580547
17593491
17601661
17636694
17646971
17650168
17713049
17718806
17729302
17907185
17928557
17961362
17968879
17970154
17996099
18044710
18088835
18088880
18182105
18187046
18230379
18299228
18302252
18343469
18355453
18423275
18467268
18482350
18506373
18512621
18528653
18539107
18547838
18565244
18565252
18597950
18600406
18612017
18668550
18686498
18718391
18765271
18821694
18830934
18974013
18975335
18982401
19010067
19011694
19035475
19046387
19052752
19073256
19217321
19219607
19234465
19248099
19249162
19262599
19262601
19264033
19264156
19373426
19398882
19406617
19411060
19416213
19419316
19437057
19446344
19477310
19483684
19504043
19587162
19594298
19674991
19679171
19680195
19725489
19735566
19762475
19770515
19773630
19786077
19797729
19799971
19845139
19877044
19893472
19900478
19954877
20034712
20043825
20075725
20091201
20100537
20112365
20112374
20131282
20154516
20156950
20184717
20185343
20196777
20200987
20219573
20301658
20335040
20495075
20515459
20541812
20573398
20591644
20592488
20626187
20633673
20656393
20664343
20678201
20692843
20693430
20705636
20732647
20850574
20884322
20939844
20946429
20959150
20961685
21035559
21040654
21041994
21050847
21055904
21057493
21062498
21116815
21121414
21134476
21185694
21187538
21200024
21209991
21216612
21220604
21242185
21254866
21259010
21263397
21290130
21312269
21321935
21325596
21328055
21362762
21391199
21401926
21406294
21410959
21415641
21415852
21425542
21435232
21435697
21472777
21518476
21518477
21537831
21547039
21619935
21620893
21631475
21631476
21700005
21708314
21714648
21745749
21769126
21820069
21837289
21837293
21874545
21917603
21939814
21982862
21999138
22001199
22034083
22034096
22057548
22058119
22074755
22075324
22106054
22110802
22134981
22138693
22155431
22167381
22178274
22179028
22207352
22257943
22323373
22332579
22337466
22343920
22346169
22355785
22359666
22361198
22380539
22382018
22384228
22385405
22393163
22419886
22432033
22442579
22446432
22455954
22461216
22465223
22474931
22488261
22488406
22490216
22513174
22513948
22558609
22560003
22562263
22574727
22575362
22576962
22655332
22682473
22704337
22705728
22709525
22730657
22736089
22736200
22753650
22765310
22771410
22838008
22842570
22867712
22869879
22885491
22907107
22922824
22932223
22939642
22943828
22984604
22993169
22997976
23010802
23020785
23023734
23036517
23072920
23074272
23110273
23112945
23148681
23193409
23197372
23201224
23206185
23220557
23231346
23233270
23291609
23312530
23326413
23330374
23336221
23349007
23353889
23457386
23457765
23484688
23524415
23531518
23543694
23579296
23588618
23603156
23603905
23607965
23611723
23613835
23631487
23660859
23689649
23691452
23704090
23721033
23782924
23815907
23825960
23830441
23884028
23895679
23901950
23912900
23934157
23935655
23940084
23946816
23963888
23981219
23982192
23996288
24016310
24032100
24184155
24220392
24239096
24257415
24261102
24272998
24283755
24286177
24316289
24316475
24316489
24344131
24373928
24418602
24437302
24440613
24453178
24463008
24465546
24473905
24494689
24497509
24507815
24561281
24603866
24604992
24606091
24621258
24626955
24648922
24660645
24680913
24688605
24704113
24704497
24715952
24720504
24737908
24767864
24805131
24817963
24862290
24866170
24887755
24893762
24906371
24915579
24930805
24935723
24942041
24970933
24981128
24989305
24991602
24994452
25006014
25022065
25025444
25028690
25032071
25033706
25046534
25060183
25065866
25068220
25080367
25081415
25084133
25085016
25086794
25124313
25130491
25139356
25151085
25151591
25152118
25172026
25176272
25178548
25189726
25195656
25200248
25218601
25220856
25224413
25242079
25246247
25249269
25266963
25270538
25276435
25281355
25289668
25340802
25340803
25347168
25361568
25366928
25377946
25407789
25416276
25426838
25437870
25469209
25491303
25503611
25511957
25551426
25555161
25561322
25579006
25596267
25628667
25635959
25656376
25665428
25672907
25674819
25681337
25700647
25706873
25726347
25733872
25738584
25742453
25744069
25744198
25749876
25752595
25757091
25791327
25794001
25797039
25809997
25820556
25837253
25854167
25868315
25882438
25888873
25889630
25891904
25899717
25929713
25932923
25934040
25937876
25940877
25945040
25948175
25973045
25974777
25976690
25978274
26018435
26023542
26053095
26069623
26071314
26079691
26085710
26089235
26095772
26111028
26123357
26123554
26132940
26147501
26166529
26177509
26182311
26183013
26209414
26219508
26219613
26222071
26224539
26224614
26230957
26236073
26244438
26251039
26256766
26256876
26266699
26268325
26272361
26292999
26303122
26306854
26318829
26332545
26336057
26355014
26360647
26377571
26433038
26455170
26470845
26477111
26505663
26520876
26524018
26531672
26573557
26595813
26604933
26605758
26608808
26617688
26617797
26621504
26629319
26634249
26637707
26637739
26680262
26682945
26707798
26708868
26710888
26711182
26712566
26715774
26716079
26722587
26732121
26759106
26769228
26794830
26799573
26848299
26851314
26864066
26866940
26872897
26876596
26902093
26903200
26944279
26945615
26945831
27026211
27029036
27031305
27034191
27041063
27053095
27072520
27084249
27116254
27118403
27121470
27123995
27147278
27151706
27158347
27162745
27164004
27169446
27174585
27185207
27189496
27208420
27215596
27236646
27237378
27240832
27264006
27307356
27310990
27321194
27329872
27330747
27352183
27352931
27356859
27357308
27364372
27374150
27387445
27389314
27404795
27415155
27428952
27458708
27461546
27475515
27519661
27527853
27539752
27546835
27550416
27556676
27559096
27560140
27580425
27582054
27582133
27595091
27616637
27621122
27638344
27641143
27646982
27656232
27665782
27692562
27694501
27698783
27717004
27725104
27733013
27748884
27756071
27766031
27766035
27774990
27788902
27821287
27849645
27856968
27859596
27869616
27870387
27882124
27884646
27884971
27888056
27891827
27903449
27904712
27913526
27929439
27937051
27956552
27977809
27980696
27999816
28063976
28077417
28099838
28104796
28107566
28107581
28123640
28145597
28147322
28151034
28152414
28188970
28193220
28199931
28211153
28215005
28228347
28237253
28238557
28238906
28255023
28259960
28259981
28273187
28275825
28279053
28282029
28326356
28338212
28340056
28351937
28360146
28376076
28383601
28386358
28407691
28411808
28419987
28425564
28431932
28437887
28446753
28451870
28452374
28464982
28476093
28480959
28487216
28518222
28542404
28565845
28566492
28582470
28584413
28588485
28589079
28596252
28614801
28617323
28621834
28634182
28636844
28637621
28643785
28643904
28643917
28647646
28648299
28676900
28678406
28684076
28684303
28687222
28690356
28697676
28697759
28698141
28699658
28700003
28703117
28710961
28718760
28732700
28736799
28738106
28738113
28752488
28753595
28759313
28763521
28764284
28764769
28782829
28784721
28808696
28809641
28816285
28826859
28844082
28844955
28861285
28865213
28872462
28877089
28879245
28911907
28928972
28940816
28943181
28948488
28949389
28953627
28960206
28960408
28960426
28964959
28973458
29023302
29024060
29024567
29038247
29039525
29046162
29048027
29056068
29066000
29073802
29092817
29113963
29123550
29127775
29129760
29132341
29165387
29166738
29172276
29173864
29175417
29182905
29190698
29195897
29196771
29198430
29199605
29223613
29225364
29226763
29227812
29228639
29244893
29251361
29254227
29254789
29285580
29290626
29291543
29296692
29296803
29296935
29298566
29299122
29306105
29309772
29312564
29356961
29377313
29379010
29380171
29383137
29423272
29434284
29471939
29479912
29491455
29491461
29515238
29526783
29530720
29536689
29561915
29603329
29621430
29627222
29637597
29668626
29669167
29679738
29686224
29691281
29693122
29702001
29703642
29707521
29718273
29720166
29723311
29728415
29746861
29749449
29755657
29761933
29764480
29766829
29767839
29769264
29770589
29779621
29780198
29797602
29799160
29803823
29806051
29806257
29806726
29808374
29843647
29849141
29858571
29866419
29867155
29878489
29885465
29907810
29908294
29925634
29926686
29929979
29940143
29947083
29961066
30008342
30014569
30015104
30055055
30059491
30065922
30070692
30082761
30083988
30096468
30110088
30111389
30116317
30121527
30122441
30122753
30122995
30122998
30125727
30139811
30140415
30142372
30142910
30144364
30153315
30154944
30171025
30171795
30182564
30210898
30227656
30249483
30251205
30266125
30266822
30285829
30301403
30305498
30319765
30341264
30343590
30353020
30366920
30367089
30369084
30373888
30377715
30385847
30388623
30396184
30402415
30405645
30412852
30412863
30427017
30454965
30464631
30471937
30476179
30477783
30500073
30504346
30506914
30515817
30530994
30536695
30553776
30566180
30585456
30606231
30606702
30610922
30611906
30618061
30626790
30635602
30635631
30635983
30641957
30648360
30652308
30703868
30711691
30716535
30728776
30732913
30756543
30771585
30782019
30786900
30789660
30808384
30809134
30814387
30835357
30837642
30857415
30861111
30867971
30873124
30880555
30895028
30902523
30903650
30912165
30915215
30930413
30936070
30942403
30947534
30951708
30959278
30965235
30968404
30971679
30972197
30977555
30977935
30981975
30982182
30983153
31007149
31009097
31018948
31032948
31043609
31046158
31051168
31060628
31068690
31077718
31085507
31099911
31108390
31124578
31128080
31135862
31151985
31160638
31160722
31166260
31176167
31178255
31211955
31217867
31231651
31232041
31258481
31260189
31270648
31278387
31279335
31281226
31289378
31302828
31312927
31318102
31318725
31320321
31323297
31348835
31349837
31357093
31357174
31358056
31377458
31382618
31382623
31384515
31430262
31436356
31446640
31484061
31516871
31526329
31534838
31540790
31546898
31549776
31553549
31554894
31560411
31564479
31566133
31574516
31582393
31588866
31598934
31608495
31612699
31632516
31640732
31640815
31654071
31669647
31678252
31678276
31678498
31694105
31698687
31710700
31713024
31726891
31736132
31738830
31741564
31742675
31743080
31751752
31765633
31770663
31776465
31780931
31791576
31804540
31811114
31815654
31827620
31827676
31828128
31829736
31831038
31833222
31837466
31840212
31840280
31847127
31849953
31870713
31878307
31894302
31902816
31921515
31921815
31927146
31928110
31928902
31932841
31934183
31934314
31941838
31945725
31949599
31966426
31972221
31974359
31993875
31996479
31996525
31998789
32008291
32014410
32015320
32027256
32030828
32031236
32034733
32048054
32052888
32060941
32083119
32096741
32101476
32107437
32109596
32124251
32132330
32147536
32154622
32154790
32158090
32159153
32161023
32163857
32170980
32171788
32179410
32181615
32196650
32203468
32216059
32216545
32224889
32232485
32233176
32238611
32245463
32249963
32255580
32266153
32272195
32279160
32281255
32286099
32286705
32294140
32299093
32299482
32304185
32305376
32308378
32311485
32312178
32317672
32337258
32342805
32351098
32357909
32358957
32367459
32381754
32381850
32397412
32399015
32422371
32425037
32431489
32442041
32442302
32457355
32457584
32464073
32468015
32502465
32504030
32514932
32524653
32535947
32549196
32552936
32558123
32572188
32575165
32588275
32590457
32598477
32606278
32621410
32626995
32634239
32634440
32652826
32656644
32673666
32679142
32681262
32693649
32695373
32705444
32709032
32709388
32727671
32751156
32757002
32761230
32764579
32765756
32768686
32782768
32789555
32793492
32795379
32798413
32819387
32824092
32849501
32850324
32852895
32856377
32861814
32866681
32871032
32873834
32898485
32902234
32915972
32961298
32961553
32972460
32973207
32976505
32978242
32991257
33004909
33022131
33027520
33039343
33041586
33041790
33045183
33060739
33064574
33067622
33079387
33101543
33113046
33113158
33121539
33128918
33147653
33149230
33159179
33161171
33171176
33178287
33187014
33197049
33198085
33214607
33224395
33227396
33241418
33241676
33243739
33247959
33256611
33257471
33268594
33272734
33280948
33283729
33283730
33292606
33292805
33307770
33316267
33333221
33343723
33346451
33347617
33384827
33386622
33387118
33392807
33397091
33403944
33411954
33420417
33428785
33430341
33434347
33435236
33437372
33446277
33448319
33448365
33461003
33466246
33467252
33479807
33510208
33524167
33526813
33527023
33535605
33553990
33573387
33574943
33577016
33610536
33618432
33628448
33629290
33632575
33637064
33637693
33642154
33643703
33675704
33677867
33685850
33692439
33722124
33730123
33735615
33739791
33742643
33743191
33748207
33759195
33774341
33774802
33775650
33779075
33784904
33791220
33803981
33807930
33812414
33816392
33822276
33836835
33847557
33850140
33864149
33868408
33869221
33876187
33882481
33882986
33888344
33893371
33897294
33914911
33916321
33935030
33936363
33939500
33941772
33942253
33949768
33952303
33961341
33967763
33970403
33977183
33987185
33989379
33996254
33999144
34013491
34016181
34024188
34024223
34026950
34052462
34060083
34068996
34095872
34099238
34100902
34101970
34102329
34105453
34120595
34120644
34129655
34139005
34139683
34153254
34183665
34198305
34203300
34203792
34204587
34209790
34214250
34217732
34234380
34260003
34268381
34270876
34288018
34288445
34290363
34291826
34299024
34299715
34302436
34307684
34315312
34335838
34342085
34350001
34357738
34360855
34381182
34387761
34390506
34400376
34406850
34417463
34417705
34426599
34438715
34440221
34454425
34461985
34465355
34469514
34472750
34480172
34491054
34492273
34497192
34500105
34502478
34504741
34515572
34520016
34520017
34529129
34529586
34529785
34530171
34530864
34536013
34548471
34553673
34562321
34568973
34569806
34581268
34587721
34588613
34625931
34626361
34627418
34632003
34633109
34638130
34638998
34661156
34661337
34661647
34671345
34695415
34698806
34699993
34705118
34715362
34716857
34716969
34721301
34724079
34736242
34738623
34749168
34777686
34783058
34783709
34788920
34796114
34799645
34803308
34812543
34812958
34830756
34840089
34840744
34850088
34853968
34858187
34859624
34876557
34882836
34883678
34903841
34911786
34913330
34914744
34925057
34936115
34950832
34953035
34959882
34967586
34970140
34976219
34979062
34985762
34990497
34997955
35011643
35012255
35034537
35044232
35045740
35047645
35048062
35058618
35065293
35074577
35077015
35078447
35087267
35094602
35095488
35123541
35126364
35126711
35145063
35151027
35153007
35158409
35163584
35164658
35173353
35173906
35178361
35185048
35194774
35202986
35216203
35218985
35221307
35225960
35228982
35236051
35242249
35243298
35247197
35255774
35256939
35259590
35259995
35263993
35269681
35278225
35279121
35279700
35279966
35281324
35292262
35295418
35313962
35345075
35352265
35356038
35359987
35360844
35361955
35377828
35381294
35387132
35392224
35401243
35402663
35405484
35405783
35406143
35412619
35413229
35427424
35436042
35459427
35460872
35477406
35479080
35484227
35484882
35505365
35509631
35509721
35513247
35529473
35534137
35535536
35558885
35571384
35571440
35573252
35574015
35574432
35576828
35578364
35585863
35588467
35589066
35591935
35593442
35597373
35608639
35608905
35610008
35615665
35615772
35618240
35630101
35636054
35656676
35665098
35678085
35679902
35680632
35689396
35692075
35693086
35693109
35697791
35700066
35707787
35708158
35708510
35710352
35714307
35724948
35726537
35744001
35747513
35765090
35765406
35765985
35782494
35784690
35788130
35790504
35790505
35790509
35790518
35798596
35802007
35803921
35813424
35820500
35853862
35856160
35865394
35870736
35874275
35875095
35878435
35880352
35880357
35894784
35896673
35896699
35900969
35902802
35924979
35927735
35932210
35937813
35949766
35956220
35985912
35986494
35994388
35995600
35997003
36005555
36005565
36044173
36050938
36051022
36054881
36059252
36081929
36088403
36092523
36094848
36099032
36116872
36117007
36131041
36145533
36152536
36153352
36160388
36161289
36162153
36162894
36167633
36173680
36175738
36185232
36198527
36201278
36201705
36202795
36212013
36215870
36238555
36261189
36262297
36266080
36267015
36276150
36276964
36288977
36292386
36299602
36313674
36333070
36338706
36346484
36366779
36371552
36373987
36379023
36384557
36403917
36404075
36404987
36410881
36414172
36416220
36419625
36435414
36453641
36455197
36466156
36467093
36467848
36472041
36474784
36476891
36485103
36498611
36503855
36507254
36514714
36523721
36526849
36532912
36553684
36563736
36567979
36570429
36584898
36595120
36601682
36611402
36613615
36617325
36635948
36641501
36642020
36644378
36649522
36653133
36670527
36676632
36680511
36681186
36683848
36685663
36693840
36695943
36700279
36701870
36709184
36709195
36719872
36722289
36727400
36737044
36738173
36743663
36756301
36760992
36765475
36766210
36768188
36769097
36775307
36777823
36779602
36787564
36788093
36793248
36798782
36799502
36802398
36803548
36804438
36804901
36815898
36815989
36816604
36819525
36822490
36826902
36830751
36831245
36833336
36835491
36836193
36858962
36860316
36890529
36891610
36902359
36906288
36906519
36909232
36913826
36920637
36922894
36928826
36941354
36950682
36960680
36966303
36997896
37002905
37008941
37021601
37021698
37029634
37029861
37045808
37046645
37062784
37067077
37071471
37075291
37079859
37087521
37087626
37121707
37142644
37149963
37152900
37180412
37183350
37184045
37190609
37209789
37225048
37240401
37240809
37267914
37268221
37286599
37287566
37298702
37307129
37309222
37318425
37318523
37321592
37338087
37341166
37345716
37350658
37353349
37356957
37357958
37361231
37384044
37389128
37389939
37403239
37404608
37404776
37407470
37415731
37441691
37443544
37454542
37457936
37459200
37460550
37464424
37464762
37465589
37480761
37492739
37493406
37496731
37502912
37513651
37517612
37525432
37535147
37540457
37541212
37546389
37551168
37551285
37551557
37560389
37568631
37576986
37601840
37605762
37609135
37615936
37625369
37625900
37626033
37629188
37632580
37642636
37643315
37646151
37663152
37679986
37681311
37683603
37691117
37691640
37693887
37697972
37703884
37714613
37727896
37730805
37732224
37735430
37741125
37748049
37748407
37748708
37751010
37762430
37791119
37793865
37793876
37801347
37804593
37804812
37808393
37808400
37817544
37818544
37832237
37834343
37839675
37852892
37853686
37870568
37884893
37906855
37907921
37915324
37918800
37920489
37941602
37950514
37951197
37962028
37962287
37979214
37983852
37985171
37993094
38000729
38003211
38012390
38021454
38024232
38025540
38029851
38031141
38032278
38037213
38049337
38053836
38056136
38070246
38071492
38075582
38078344
38091638
38099292
38099894
38102666
38108611
38114783
38123662
38133628
38135373
38143608
38149859
38157375
38158473
38160744
38168657
38168877
38174997
38183470
38187570
38190096
38197567
38213156
38225226
38226986
38229132
38229660
38233202
38238755
38244990
38251222
38266947
38269085
38269572
38269586
38289903
38295174
38299605
38322061
38333254
38340948
38341164
38346188
38350935
38357582
38357791
38361122
38368213
38380842
38387895
38391657
38403153
38405213
38413410
38423358
38429084
38432659
38434027
38439665
38447334
38450850
38451195
38454467
38479789
38491514
38493079
38493481
38505310
38513577
38520211
38520869
38521741
38522809
38526843
38529278
38534340
38540155
38542506
38582351
38585779
38586204
38590263
38595255
38601144
38603567
38616211
38617357
38619691
38622181
38631386
38644693
38649260
38657681
38660832
38660833
38665121
38672170
38687637
38702404
38708089
38715532
38720327
38720613
38729558
38753666
38757042
38757057
38758039
38764048
38765605
38766865
38771826
38777036
38779539
38785117
38787325
38794288
38804911
38819218
38838669
38840731
38842129
38844176
38844905
38860464
38861243
38867545
38873703
38891122
38892877
38902808
38911101
38917807
38921181
38924753
38936470
38939956
38946975
38949143
38954152
38958467
38968529
38969930
38971448
38972534
38973989
38976127
38976142
38976813
38983798
38990042
38990647
38992995
38994346
39010104
39013222
39014296
39014426
39018481
39020088
39029227
39033963
39041331
39042228
39054169
39055494
39059718
39079850
39088322
39092303
39092654
39092772
39100667
39101668
39101942
39108841
39110281
39115831
39117138
39117943
39121277
39122845
39124673
39135018
39153568
39155743
39160234
39167888
39178611
39181450
39192399
39195082
39195774
39196784
39212933
39216756
39217193
39225325
39227700
39230116
39234670
39235338
39236007
39247653
39248388
39251054
39260675
39272215
39278886
39282765
39290045
39298477
39309636
39313038
39317566
39318108
39324844
39330704
39331569
39337321
39337355
39344168
39344191
39350476
39350901
39354427
39371728
39385530
39388535
39388890
39389988
39391249
39399158
39400124
39403984
39407273
39423815
39424469
39433265
39434124
39436191
39454680
39455536
39457605
39465574
39465815
39479818
39486186
39487474
39505144
39505554
39506818
39519198
39527258
39531197
39532685
39560556
39561523
39585352
39587323
39626264
39633833
39644392
39647633
39647809
39649914
39652213
39668018
39674021
39680708
39681195
39681821
39695514
39697087
39713912
39716366
39722492
39727570
39730095
39742155
39742533
39743268
39743269
39753198
39755166
39756165
39756167
39757648
39762209
39766092
39768138
39774929
39794380
39794930
39803572
39808159
39809361
39814982
39819598
39825397
39828579
39855425
39855426
39855457
39860584
39873798
39885602
39890574
39890682
39890774
39891171
39892398
39896288
39920811
39927459
39932926
39944260
39953712
39976744
39984633
39987077
39988525
39991826
39994161
39999446
40005318
40009448
40012305
40013619
40015506
40016746
40017228
40025588
40035213
40047093
40048738
40063920
40064575
40066511
40067382
40072317
40076980
40082134
40084459
40085347
40085959
40090181
40092459
40092460
40102704
40102796
40103383
40106360
40111422
40116537
40122361
40122879
40123999
40125663
40128329
40129438
40138581
40139418
40139647
40147897
40149708
40160298
40162708
40169556
40196871
40197110
40202536
40206985
40207030
40210363
40220963
40226311
40226424
40227763
40238264
40238954
40240771
40242482
40251915
40254785
40257479
40269371
40270601
40271077
40273050
40295317
40295904
40303500
40307617
40313864
40314226
40316216
40322041
40326102
40327717
40328192
40330736
40332184
40339773
40341852
40344323
40345612
40353513
40355355
40358029
40363961
40377702
40381504
40383231
40384553
40386494
40394653
40403629
40411597
40415500
40425577
40426246
40432289
40433805
40435598
40437041
40447254
40448062
40450276
40462979
40463059
40467885
40472617
40480604
40494404
40500265
40507514
40512417
40514669
40514950
40519811
40522441
40526100
40556597
40563025
40563496
40566748
40568716
40570942
40571028
40583170
40583370
40583463
40588776
40589302
40603527
40604758
40609533
40614713
40618069
40619133
40619144
40620063
40620356
40629418
40635000
40641978
40645839
40651728
40661385
40662112
40662375
40663074
40672822
40673132
40673268
40676766
40683082
40691503
40693494
40699912
40702883
40704013
40714033
40720765
40725615
40727113
40730259
40734768
40746901
40748972
40762954
40763690
40771720
40772034
40787865
40791345
40794284
40795827
40812964
40817785
40820151
40822282
40824374
40828961
40830311
40837405
40858880
40877980
40881276
40892246
40896957
40898503
40898937
40906433
40912491
40913865
40914424
40915985
40917094
40920399
40923743
40927519
40929300
40929507
40936111
40938479
40954215
40957179
40959556
40962182
40975506
40980800
40981707
40996462
41000472
41019002
41019141
41020083
41020295
41021397
41023001
41027102
41029271
41031827
41042430
41044994
41062511
41062769
41065957
41065977
41070577
41074606
41078319
41078569
41081707
41084405
41086521
41091224
41093602
41096103
41096153
41096574
41103044
41106379
41108129
41108151
41108799
41120907
41121303
41123079
41123324
41126357
41128017
41130306
41139861
41146287
41146398
41161937
41164704
41170601
41177004
41178718
41184228
41191533
41192306
41198759
41199910
41220061
41226654
41226894
41243987
41252200
41257860
41287241
41290745
41296017
41299885
41300284
41312585
41317203
41318595
41349348
41349947
41352996
41366348
41378161
41378855
41386566
41389633
41398321
41398814
41407456
41407913
41408685
41413572
41417421
41419602
41424934
41425574
41430692
41431105
41439211
41445976
41451201
41451432
41460083
41461362
41466446
41468841
41470005
41473314
41476852
41481715
41482347
41482477
41482828
41486394
41487948
41496584
41502264
41509980
41512915
41520865
41525451
41526614
41535617
41535869
41537172
41538502
41545893
41546107
41551764
41559024
41560306
41568536
41569105
41571880
41580336
41587375
41588166
41608525
41611542
41619174
41624845
41626863
41629741
41630826
41631201
41633981
41642365
41665690
41669563
41672177
41675773
41676612
41678339
41707573
41714025
41714134
41716349
41721060
41725564
41739588
41740295
41746260
41747358
41747664
41750376
41751511
41757775
41764220
41764226
41766115
41776281
41778734
41780165
41782051
41782826
41786530
41795076
41796353
41803814
41809688
41811504
41820543
41826214
41828444
41836586
41839047
41843133
41843166
41848880
41851702
41859529
41865182
41870835
41872494
41881819
41890379
41898354
41898587
41899316
41914063
41916570
41918911
41919547
41920164
41925559
41926089
41929356
41938836
41948936
41953999
41962113
41988126
41996266
41999490
42000121
42001864
42008303
42014831
42027358
42032264
42036991
42039360
42045100
42045559
42051461
42059210
42060618
42062631
42063707
42067949
42070686
42072611
42074007
42074255
42080308
42085510
42088210
42097414
42106910
42110970
42112411
42113993
42125208
42128199
42134190
